378 2064
0 0 160
0 9 1.2
0 11 0.333333333333
0 84 1e+32
0 105 3.3
1 0 1e+16
1 1 234
1 10 1.5
1 85 1e+32
1 106 2.25
2 0 1e+32
2 2 160
2 12 0.6
2 14 0.333333333333
2 86 1e+32
2 107 3.3
3 1 1e+32
3 2 1e+16
3 3 234
3 13 0.75
3 87 1e+32
3 108 2.25
4 1 1e+32
4 4 234
4 14 1.5
4 88 1e+32
4 109 2.25
5 2 1e+32
5 5 160
5 15 0.333333333333
5 89 1e+32
5 110 3.3
6 3 1e+32
6 5 1e+16
6 6 234
6 90 1e+32
6 111 2.25
7 4 1e+32
7 7 234
7 15 0.75
7 91 1e+32
7 112 2.25
8 7 1e+32
8 8 234
8 92 1e+32
8 113 2.25
9 2 0.0833333333333
9 9 160
9 16 0.6
9 18 0.333333333333
9 93 1e+32
9 114 3.3
10 3 0.0833333333333
10 9 1e+16
10 10 234
10 17 0.75
10 94 1e+32
10 115 2.25
11 4 0.0833333333333
11 11 234
11 18 1.5
11 95 1e+32
11 116 2.25
12 5 0.0833333333333
12 9 1e+32
12 12 160
12 19 0.333333333333
12 96 1e+32
12 117 3.3
13 6 0.0833333333333
13 10 1e+32
13 12 1e+16
13 13 234
13 97 1e+32
13 118 2.25
14 7 0.0833333333333
14 11 1e+32
14 14 234
14 19 0.75
14 98 1e+32
14 119 2.25
15 8 0.0833333333333
15 14 1e+32
15 15 234
15 99 1e+32
15 120 2.25
16 12 0.166666666667
16 16 160
16 20 0.333333333333
16 100 1e+32
16 121 3.3
17 13 0.166666666667
17 16 1e+16
17 17 234
17 101 1e+32
17 122 2.25
18 14 0.166666666667
18 18 234
18 20 0.75
18 102 1e+32
18 123 2.25
19 15 0.166666666667
19 18 1e+32
19 19 234
19 103 1e+32
19 124 2.25
20 19 0.25
20 20 234
20 104 1e+32
20 125 2.25
21 0 1e+32
21 21 160
21 30 1.2
21 32 0.333333333333
21 126 2.2
22 1 1e+32
22 21 1e+16
22 22 234
22 31 1.5
22 127 1.5
23 2 1e+32
23 21 1e+32
23 23 160
23 33 0.6
23 35 0.333333333333
23 128 2.2
24 3 1e+32
24 22 1e+32
24 23 1e+16
24 24 234
24 34 0.75
24 129 1.5
25 4 1e+32
25 22 1e+32
25 25 234
25 35 1.5
25 130 1.5
26 5 1e+32
26 23 1e+32
26 26 160
26 36 0.333333333333
26 131 2.2
27 6 1e+32
27 24 1e+32
27 26 1e+16
27 27 234
27 132 1.5
28 7 1e+32
28 25 1e+32
28 28 234
28 36 0.75
28 133 1.5
29 8 1e+32
29 28 1e+32
29 29 234
29 134 1.5
30 9 1e+32
30 23 0.0833333333333
30 30 160
30 37 0.6
30 39 0.333333333333
30 135 2.2
31 10 1e+32
31 24 0.0833333333333
31 30 1e+16
31 31 234
31 38 0.75
31 136 1.5
32 11 1e+32
32 25 0.0833333333333
32 32 234
32 39 1.5
32 137 1.5
33 12 1e+32
33 26 0.0833333333333
33 30 1e+32
33 33 160
33 40 0.333333333333
33 138 2.2
34 13 1e+32
34 27 0.0833333333333
34 31 1e+32
34 33 1e+16
34 34 234
34 139 1.5
35 14 1e+32
35 28 0.0833333333333
35 32 1e+32
35 35 234
35 40 0.75
35 140 1.5
36 15 1e+32
36 29 0.0833333333333
36 35 1e+32
36 36 234
36 141 1.5
37 16 1e+32
37 33 0.166666666667
37 37 160
37 41 0.333333333333
37 142 2.2
38 17 1e+32
38 34 0.166666666667
38 37 1e+16
38 38 234
38 143 1.5
39 18 1e+32
39 35 0.166666666667
39 39 234
39 41 0.75
39 144 1.5
40 19 1e+32
40 36 0.166666666667
40 39 1e+32
40 40 234
40 145 1.5
41 20 1e+32
41 40 0.25
41 41 234
41 146 1.5
42 21 1e+32
42 42 160
42 51 1.2
42 53 0.333333333333
42 147 1.1
43 22 1e+32
43 42 1e+16
43 43 234
43 52 1.5
43 148 0.75
44 23 1e+32
44 42 1e+32
44 44 160
44 54 0.6
44 56 0.333333333333
44 149 1.1
45 24 1e+32
45 43 1e+32
45 44 1e+16
45 45 234
45 55 0.75
45 150 0.75
46 25 1e+32
46 43 1e+32
46 46 234
46 56 1.5
46 151 0.75
47 26 1e+32
47 44 1e+32
47 47 160
47 57 0.333333333333
47 152 1.1
48 27 1e+32
48 45 1e+32
48 47 1e+16
48 48 234
48 153 0.75
49 28 1e+32
49 46 1e+32
49 49 234
49 57 0.75
49 154 0.75
50 29 1e+32
50 49 1e+32
50 50 234
50 155 0.75
51 30 1e+32
51 44 0.0833333333333
51 51 160
51 58 0.6
51 60 0.333333333333
51 156 1.1
52 31 1e+32
52 45 0.0833333333333
52 51 1e+16
52 52 234
52 59 0.75
52 157 0.75
53 32 1e+32
53 46 0.0833333333333
53 53 234
53 60 1.5
53 158 0.75
54 33 1e+32
54 47 0.0833333333333
54 51 1e+32
54 54 160
54 61 0.333333333333
54 159 1.1
55 34 1e+32
55 48 0.0833333333333
55 52 1e+32
55 54 1e+16
55 55 234
55 160 0.75
56 35 1e+32
56 49 0.0833333333333
56 53 1e+32
56 56 234
56 61 0.75
56 161 0.75
57 36 1e+32
57 50 0.0833333333333
57 56 1e+32
57 57 234
57 162 0.75
58 37 1e+32
58 54 0.166666666667
58 58 160
58 62 0.333333333333
58 163 1.1
59 38 1e+32
59 55 0.166666666667
59 58 1e+16
59 59 234
59 164 0.75
60 39 1e+32
60 56 0.166666666667
60 60 234
60 62 0.75
60 165 0.75
61 40 1e+32
61 57 0.166666666667
61 60 1e+32
61 61 234
61 166 0.75
62 41 1e+32
62 61 0.25
62 62 234
62 167 0.75
63 42 1e+32
63 63 160
63 72 1.2
63 74 0.333333333333
64 43 1e+32
64 63 1e+16
64 64 234
64 73 1.5
65 44 1e+32
65 63 1e+32
65 65 160
65 75 0.6
65 77 0.333333333333
66 45 1e+32
66 64 1e+32
66 65 1e+16
66 66 234
66 76 0.75
67 46 1e+32
67 64 1e+32
67 67 234
67 77 1.5
68 47 1e+32
68 65 1e+32
68 68 160
68 78 0.333333333333
69 48 1e+32
69 66 1e+32
69 68 1e+16
69 69 234
70 49 1e+32
70 67 1e+32
70 70 234
70 78 0.75
71 50 1e+32
71 70 1e+32
71 71 234
72 51 1e+32
72 65 0.0833333333333
72 72 160
72 79 0.6
72 81 0.333333333333
73 52 1e+32
73 66 0.0833333333333
73 72 1e+16
73 73 234
73 80 0.75
74 53 1e+32
74 67 0.0833333333333
74 74 234
74 81 1.5
75 54 1e+32
75 68 0.0833333333333
75 72 1e+32
75 75 160
75 82 0.333333333333
76 55 1e+32
76 69 0.0833333333333
76 73 1e+32
76 75 1e+16
76 76 234
77 56 1e+32
77 70 0.0833333333333
77 74 1e+32
77 77 234
77 82 0.75
78 57 1e+32
78 71 0.0833333333333
78 77 1e+32
78 78 234
79 58 1e+32
79 75 0.166666666667
79 79 160
79 83 0.333333333333
80 59 1e+32
80 76 0.166666666667
80 79 1e+16
80 80 234
81 60 1e+32
81 77 0.166666666667
81 81 234
81 83 0.75
82 61 1e+32
82 78 0.166666666667
82 81 1e+32
82 82 234
83 62 1e+32
83 82 0.25
83 83 234
84 0 0.0833333333333
84 84 160
84 93 1.2
84 95 0.333333333333
84 168 1e+32
84 189 3.3
85 1 0.0833333333333
85 84 1e+16
85 85 234
85 94 1.5
85 169 1e+32
85 190 2.25
86 2 0.0833333333333
86 84 1e+32
86 86 160
86 96 0.6
86 98 0.333333333333
86 170 1e+32
86 191 3.3
87 3 0.0833333333333
87 85 1e+32
87 86 1e+16
87 87 234
87 97 0.75
87 171 1e+32
87 192 2.25
88 4 0.0833333333333
88 85 1e+32
88 88 234
88 98 1.5
88 172 1e+32
88 193 2.25
89 5 0.0833333333333
89 86 1e+32
89 89 160
89 99 0.333333333333
89 173 1e+32
89 194 3.3
90 6 0.0833333333333
90 87 1e+32
90 89 1e+16
90 90 234
90 174 1e+32
90 195 2.25
91 7 0.0833333333333
91 88 1e+32
91 91 234
91 99 0.75
91 175 1e+32
91 196 2.25
92 8 0.0833333333333
92 91 1e+32
92 92 234
92 176 1e+32
92 197 2.25
93 9 0.0833333333333
93 86 0.0833333333333
93 93 160
93 100 0.6
93 102 0.333333333333
93 177 1e+32
93 198 3.3
94 10 0.0833333333333
94 87 0.0833333333333
94 93 1e+16
94 94 234
94 101 0.75
94 178 1e+32
94 199 2.25
95 11 0.0833333333333
95 88 0.0833333333333
95 95 234
95 102 1.5
95 179 1e+32
95 200 2.25
96 12 0.0833333333333
96 89 0.0833333333333
96 93 1e+32
96 96 160
96 103 0.333333333333
96 180 1e+32
96 201 3.3
97 13 0.0833333333333
97 90 0.0833333333333
97 94 1e+32
97 96 1e+16
97 97 234
97 181 1e+32
97 202 2.25
98 14 0.0833333333333
98 91 0.0833333333333
98 95 1e+32
98 98 234
98 103 0.75
98 182 1e+32
98 203 2.25
99 15 0.0833333333333
99 92 0.0833333333333
99 98 1e+32
99 99 234
99 183 1e+32
99 204 2.25
100 16 0.0833333333333
100 96 0.166666666667
100 100 160
100 104 0.333333333333
100 184 1e+32
100 205 3.3
101 17 0.0833333333333
101 97 0.166666666667
101 100 1e+16
101 101 234
101 185 1e+32
101 206 2.25
102 18 0.0833333333333
102 98 0.166666666667
102 102 234
102 104 0.75
102 186 1e+32
102 207 2.25
103 19 0.0833333333333
103 99 0.166666666667
103 102 1e+32
103 103 234
103 187 1e+32
103 208 2.25
104 20 0.0833333333333
104 103 0.25
104 104 234
104 188 1e+32
104 209 2.25
105 21 0.0833333333333
105 84 1e+32
105 105 160
105 114 1.2
105 116 0.333333333333
105 210 2.2
106 22 0.0833333333333
106 85 1e+32
106 105 1e+16
106 106 234
106 115 1.5
106 211 1.5
107 23 0.0833333333333
107 86 1e+32
107 105 1e+32
107 107 160
107 117 0.6
107 119 0.333333333333
107 212 2.2
108 24 0.0833333333333
108 87 1e+32
108 106 1e+32
108 107 1e+16
108 108 234
108 118 0.75
108 213 1.5
109 25 0.0833333333333
109 88 1e+32
109 106 1e+32
109 109 234
109 119 1.5
109 214 1.5
110 26 0.0833333333333
110 89 1e+32
110 107 1e+32
110 110 160
110 120 0.333333333333
110 215 2.2
111 27 0.0833333333333
111 90 1e+32
111 108 1e+32
111 110 1e+16
111 111 234
111 216 1.5
112 28 0.0833333333333
112 91 1e+32
112 109 1e+32
112 112 234
112 120 0.75
112 217 1.5
113 29 0.0833333333333
113 92 1e+32
113 112 1e+32
113 113 234
113 218 1.5
114 30 0.0833333333333
114 93 1e+32
114 107 0.0833333333333
114 114 160
114 121 0.6
114 123 0.333333333333
114 219 2.2
115 31 0.0833333333333
115 94 1e+32
115 108 0.0833333333333
115 114 1e+16
115 115 234
115 122 0.75
115 220 1.5
116 32 0.0833333333333
116 95 1e+32
116 109 0.0833333333333
116 116 234
116 123 1.5
116 221 1.5
117 33 0.0833333333333
117 96 1e+32
117 110 0.0833333333333
117 114 1e+32
117 117 160
117 124 0.333333333333
117 222 2.2
118 34 0.0833333333333
118 97 1e+32
118 111 0.0833333333333
118 115 1e+32
118 117 1e+16
118 118 234
118 223 1.5
119 35 0.0833333333333
119 98 1e+32
119 112 0.0833333333333
119 116 1e+32
119 119 234
119 124 0.75
119 224 1.5
120 36 0.0833333333333
120 99 1e+32
120 113 0.0833333333333
120 119 1e+32
120 120 234
120 225 1.5
121 37 0.0833333333333
121 100 1e+32
121 117 0.166666666667
121 121 160
121 125 0.333333333333
121 226 2.2
122 38 0.0833333333333
122 101 1e+32
122 118 0.166666666667
122 121 1e+16
122 122 234
122 227 1.5
123 39 0.0833333333333
123 102 1e+32
123 119 0.166666666667
123 123 234
123 125 0.75
123 228 1.5
124 40 0.0833333333333
124 103 1e+32
124 120 0.166666666667
124 123 1e+32
124 124 234
124 229 1.5
125 41 0.0833333333333
125 104 1e+32
125 124 0.25
125 125 234
125 230 1.5
126 42 0.0833333333333
126 105 1e+32
126 126 160
126 135 1.2
126 137 0.333333333333
126 231 1.1
127 43 0.0833333333333
127 106 1e+32
127 126 1e+16
127 127 234
127 136 1.5
127 232 0.75
128 44 0.0833333333333
128 107 1e+32
128 126 1e+32
128 128 160
128 138 0.6
128 140 0.333333333333
128 233 1.1
129 45 0.0833333333333
129 108 1e+32
129 127 1e+32
129 128 1e+16
129 129 234
129 139 0.75
129 234 0.75
130 46 0.0833333333333
130 109 1e+32
130 127 1e+32
130 130 234
130 140 1.5
130 235 0.75
131 47 0.0833333333333
131 110 1e+32
131 128 1e+32
131 131 160
131 141 0.333333333333
131 236 1.1
132 48 0.0833333333333
132 111 1e+32
132 129 1e+32
132 131 1e+16
132 132 234
132 237 0.75
133 49 0.0833333333333
133 112 1e+32
133 130 1e+32
133 133 234
133 141 0.75
133 238 0.75
134 50 0.0833333333333
134 113 1e+32
134 133 1e+32
134 134 234
134 239 0.75
135 51 0.0833333333333
135 114 1e+32
135 128 0.0833333333333
135 135 160
135 142 0.6
135 144 0.333333333333
135 240 1.1
136 52 0.0833333333333
136 115 1e+32
136 129 0.0833333333333
136 135 1e+16
136 136 234
136 143 0.75
136 241 0.75
137 53 0.0833333333333
137 116 1e+32
137 130 0.0833333333333
137 137 234
137 144 1.5
137 242 0.75
138 54 0.0833333333333
138 117 1e+32
138 131 0.0833333333333
138 135 1e+32
138 138 160
138 145 0.333333333333
138 243 1.1
139 55 0.0833333333333
139 118 1e+32
139 132 0.0833333333333
139 136 1e+32
139 138 1e+16
139 139 234
139 244 0.75
140 56 0.0833333333333
140 119 1e+32
140 133 0.0833333333333
140 137 1e+32
140 140 234
140 145 0.75
140 245 0.75
141 57 0.0833333333333
141 120 1e+32
141 134 0.0833333333333
141 140 1e+32
141 141 234
141 246 0.75
142 58 0.0833333333333
142 121 1e+32
142 138 0.166666666667
142 142 160
142 146 0.333333333333
142 247 1.1
143 59 0.0833333333333
143 122 1e+32
143 139 0.166666666667
143 142 1e+16
143 143 234
143 248 0.75
144 60 0.0833333333333
144 123 1e+32
144 140 0.166666666667
144 144 234
144 146 0.75
144 249 0.75
145 61 0.0833333333333
145 124 1e+32
145 141 0.166666666667
145 144 1e+32
145 145 234
145 250 0.75
146 62 0.0833333333333
146 125 1e+32
146 145 0.25
146 146 234
146 251 0.75
147 63 0.0833333333333
147 126 1e+32
147 147 160
147 156 1.2
147 158 0.333333333333
148 64 0.0833333333333
148 127 1e+32
148 147 1e+16
148 148 234
148 157 1.5
149 65 0.0833333333333
149 128 1e+32
149 147 1e+32
149 149 160
149 159 0.6
149 161 0.333333333333
150 66 0.0833333333333
150 129 1e+32
150 148 1e+32
150 149 1e+16
150 150 234
150 160 0.75
151 67 0.0833333333333
151 130 1e+32
151 148 1e+32
151 151 234
151 161 1.5
152 68 0.0833333333333
152 131 1e+32
152 149 1e+32
152 152 160
152 162 0.333333333333
153 69 0.0833333333333
153 132 1e+32
153 150 1e+32
153 152 1e+16
153 153 234
154 70 0.0833333333333
154 133 1e+32
154 151 1e+32
154 154 234
154 162 0.75
155 71 0.0833333333333
155 134 1e+32
155 154 1e+32
155 155 234
156 72 0.0833333333333
156 135 1e+32
156 149 0.0833333333333
156 156 160
156 163 0.6
156 165 0.333333333333
157 73 0.0833333333333
157 136 1e+32
157 150 0.0833333333333
157 156 1e+16
157 157 234
157 164 0.75
158 74 0.0833333333333
158 137 1e+32
158 151 0.0833333333333
158 158 234
158 165 1.5
159 75 0.0833333333333
159 138 1e+32
159 152 0.0833333333333
159 156 1e+32
159 159 160
159 166 0.333333333333
160 76 0.0833333333333
160 139 1e+32
160 153 0.0833333333333
160 157 1e+32
160 159 1e+16
160 160 234
161 77 0.0833333333333
161 140 1e+32
161 154 0.0833333333333
161 158 1e+32
161 161 234
161 166 0.75
162 78 0.0833333333333
162 141 1e+32
162 155 0.0833333333333
162 161 1e+32
162 162 234
163 79 0.0833333333333
163 142 1e+32
163 159 0.166666666667
163 163 160
163 167 0.333333333333
164 80 0.0833333333333
164 143 1e+32
164 160 0.166666666667
164 163 1e+16
164 164 234
165 81 0.0833333333333
165 144 1e+32
165 161 0.166666666667
165 165 234
165 167 0.75
166 82 0.0833333333333
166 145 1e+32
166 162 0.166666666667
166 165 1e+32
166 166 234
167 83 0.0833333333333
167 146 1e+32
167 166 0.25
167 167 234
168 84 0.166666666667
168 168 160
168 177 1.2
168 179 0.333333333333
168 252 3.3
169 85 0.166666666667
169 168 1e+16
169 169 234
169 178 1.5
169 253 2.25
170 86 0.166666666667
170 168 1e+32
170 170 160
170 180 0.6
170 182 0.333333333333
170 254 3.3
171 87 0.166666666667
171 169 1e+32
171 170 1e+16
171 171 234
171 181 0.75
171 255 2.25
172 88 0.166666666667
172 169 1e+32
172 172 234
172 182 1.5
172 256 2.25
173 89 0.166666666667
173 170 1e+32
173 173 160
173 183 0.333333333333
173 257 3.3
174 90 0.166666666667
174 171 1e+32
174 173 1e+16
174 174 234
174 258 2.25
175 91 0.166666666667
175 172 1e+32
175 175 234
175 183 0.75
175 259 2.25
176 92 0.166666666667
176 175 1e+32
176 176 234
176 260 2.25
177 93 0.166666666667
177 170 0.0833333333333
177 177 160
177 184 0.6
177 186 0.333333333333
177 261 3.3
178 94 0.166666666667
178 171 0.0833333333333
178 177 1e+16
178 178 234
178 185 0.75
178 262 2.25
179 95 0.166666666667
179 172 0.0833333333333
179 179 234
179 186 1.5
179 263 2.25
180 96 0.166666666667
180 173 0.0833333333333
180 177 1e+32
180 180 160
180 187 0.333333333333
180 264 3.3
181 97 0.166666666667
181 174 0.0833333333333
181 178 1e+32
181 180 1e+16
181 181 234
181 265 2.25
182 98 0.166666666667
182 175 0.0833333333333
182 179 1e+32
182 182 234
182 187 0.75
182 266 2.25
183 99 0.166666666667
183 176 0.0833333333333
183 182 1e+32
183 183 234
183 267 2.25
184 100 0.166666666667
184 180 0.166666666667
184 184 160
184 188 0.333333333333
184 268 3.3
185 101 0.166666666667
185 181 0.166666666667
185 184 1e+16
185 185 234
185 269 2.25
186 102 0.166666666667
186 182 0.166666666667
186 186 234
186 188 0.75
186 270 2.25
187 103 0.166666666667
187 183 0.166666666667
187 186 1e+32
187 187 234
187 271 2.25
188 104 0.166666666667
188 187 0.25
188 188 234
188 272 2.25
189 105 0.166666666667
189 168 1e+32
189 189 160
189 198 1.2
189 200 0.333333333333
189 273 2.2
190 106 0.166666666667
190 169 1e+32
190 189 1e+16
190 190 234
190 199 1.5
190 274 1.5
191 107 0.166666666667
191 170 1e+32
191 189 1e+32
191 191 160
191 201 0.6
191 203 0.333333333333
191 275 2.2
192 108 0.166666666667
192 171 1e+32
192 190 1e+32
192 191 1e+16
192 192 234
192 202 0.75
192 276 1.5
193 109 0.166666666667
193 172 1e+32
193 190 1e+32
193 193 234
193 203 1.5
193 277 1.5
194 110 0.166666666667
194 173 1e+32
194 191 1e+32
194 194 160
194 204 0.333333333333
194 278 2.2
195 111 0.166666666667
195 174 1e+32
195 192 1e+32
195 194 1e+16
195 195 234
195 279 1.5
196 112 0.166666666667
196 175 1e+32
196 193 1e+32
196 196 234
196 204 0.75
196 280 1.5
197 113 0.166666666667
197 176 1e+32
197 196 1e+32
197 197 234
197 281 1.5
198 114 0.166666666667
198 177 1e+32
198 191 0.0833333333333
198 198 160
198 205 0.6
198 207 0.333333333333
198 282 2.2
199 115 0.166666666667
199 178 1e+32
199 192 0.0833333333333
199 198 1e+16
199 199 234
199 206 0.75
199 283 1.5
200 116 0.166666666667
200 179 1e+32
200 193 0.0833333333333
200 200 234
200 207 1.5
200 284 1.5
201 117 0.166666666667
201 180 1e+32
201 194 0.0833333333333
201 198 1e+32
201 201 160
201 208 0.333333333333
201 285 2.2
202 118 0.166666666667
202 181 1e+32
202 195 0.0833333333333
202 199 1e+32
202 201 1e+16
202 202 234
202 286 1.5
203 119 0.166666666667
203 182 1e+32
203 196 0.0833333333333
203 200 1e+32
203 203 234
203 208 0.75
203 287 1.5
204 120 0.166666666667
204 183 1e+32
204 197 0.0833333333333
204 203 1e+32
204 204 234
204 288 1.5
205 121 0.166666666667
205 184 1e+32
205 201 0.166666666667
205 205 160
205 209 0.333333333333
205 289 2.2
206 122 0.166666666667
206 185 1e+32
206 202 0.166666666667
206 205 1e+16
206 206 234
206 290 1.5
207 123 0.166666666667
207 186 1e+32
207 203 0.166666666667
207 207 234
207 209 0.75
207 291 1.5
208 124 0.166666666667
208 187 1e+32
208 204 0.166666666667
208 207 1e+32
208 208 234
208 292 1.5
209 125 0.166666666667
209 188 1e+32
209 208 0.25
209 209 234
209 293 1.5
210 126 0.166666666667
210 189 1e+32
210 210 160
210 219 1.2
210 221 0.333333333333
210 294 1.1
211 127 0.166666666667
211 190 1e+32
211 210 1e+16
211 211 234
211 220 1.5
211 295 0.75
212 128 0.166666666667
212 191 1e+32
212 210 1e+32
212 212 160
212 222 0.6
212 224 0.333333333333
212 296 1.1
213 129 0.166666666667
213 192 1e+32
213 211 1e+32
213 212 1e+16
213 213 234
213 223 0.75
213 297 0.75
214 130 0.166666666667
214 193 1e+32
214 211 1e+32
214 214 234
214 224 1.5
214 298 0.75
215 131 0.166666666667
215 194 1e+32
215 212 1e+32
215 215 160
215 225 0.333333333333
215 299 1.1
216 132 0.166666666667
216 195 1e+32
216 213 1e+32
216 215 1e+16
216 216 234
216 300 0.75
217 133 0.166666666667
217 196 1e+32
217 214 1e+32
217 217 234
217 225 0.75
217 301 0.75
218 134 0.166666666667
218 197 1e+32
218 217 1e+32
218 218 234
218 302 0.75
219 135 0.166666666667
219 198 1e+32
219 212 0.0833333333333
219 219 160
219 226 0.6
219 228 0.333333333333
219 303 1.1
220 136 0.166666666667
220 199 1e+32
220 213 0.0833333333333
220 219 1e+16
220 220 234
220 227 0.75
220 304 0.75
221 137 0.166666666667
221 200 1e+32
221 214 0.0833333333333
221 221 234
221 228 1.5
221 305 0.75
222 138 0.166666666667
222 201 1e+32
222 215 0.0833333333333
222 219 1e+32
222 222 160
222 229 0.333333333333
222 306 1.1
223 139 0.166666666667
223 202 1e+32
223 216 0.0833333333333
223 220 1e+32
223 222 1e+16
223 223 234
223 307 0.75
224 140 0.166666666667
224 203 1e+32
224 217 0.0833333333333
224 221 1e+32
224 224 234
224 229 0.75
224 308 0.75
225 141 0.166666666667
225 204 1e+32
225 218 0.0833333333333
225 224 1e+32
225 225 234
225 309 0.75
226 142 0.166666666667
226 205 1e+32
226 222 0.166666666667
226 226 160
226 230 0.333333333333
226 310 1.1
227 143 0.166666666667
227 206 1e+32
227 223 0.166666666667
227 226 1e+16
227 227 234
227 311 0.75
228 144 0.166666666667
228 207 1e+32
228 224 0.166666666667
228 228 234
228 230 0.75
228 312 0.75
229 145 0.166666666667
229 208 1e+32
229 225 0.166666666667
229 228 1e+32
229 229 234
229 313 0.75
230 146 0.166666666667
230 209 1e+32
230 229 0.25
230 230 234
230 314 0.75
231 147 0.166666666667
231 210 1e+32
231 231 160
231 240 1.2
231 242 0.333333333333
232 148 0.166666666667
232 211 1e+32
232 231 1e+16
232 232 234
232 241 1.5
233 149 0.166666666667
233 212 1e+32
233 231 1e+32
233 233 160
233 243 0.6
233 245 0.333333333333
234 150 0.166666666667
234 213 1e+32
234 232 1e+32
234 233 1e+16
234 234 234
234 244 0.75
235 151 0.166666666667
235 214 1e+32
235 232 1e+32
235 235 234
235 245 1.5
236 152 0.166666666667
236 215 1e+32
236 233 1e+32
236 236 160
236 246 0.333333333333
237 153 0.166666666667
237 216 1e+32
237 234 1e+32
237 236 1e+16
237 237 234
238 154 0.166666666667
238 217 1e+32
238 235 1e+32
238 238 234
238 246 0.75
239 155 0.166666666667
239 218 1e+32
239 238 1e+32
239 239 234
240 156 0.166666666667
240 219 1e+32
240 233 0.0833333333333
240 240 160
240 247 0.6
240 249 0.333333333333
241 157 0.166666666667
241 220 1e+32
241 234 0.0833333333333
241 240 1e+16
241 241 234
241 248 0.75
242 158 0.166666666667
242 221 1e+32
242 235 0.0833333333333
242 242 234
242 249 1.5
243 159 0.166666666667
243 222 1e+32
243 236 0.0833333333333
243 240 1e+32
243 243 160
243 250 0.333333333333
244 160 0.166666666667
244 223 1e+32
244 237 0.0833333333333
244 241 1e+32
244 243 1e+16
244 244 234
245 161 0.166666666667
245 224 1e+32
245 238 0.0833333333333
245 242 1e+32
245 245 234
245 250 0.75
246 162 0.166666666667
246 225 1e+32
246 239 0.0833333333333
246 245 1e+32
246 246 234
247 163 0.166666666667
247 226 1e+32
247 243 0.166666666667
247 247 160
247 251 0.333333333333
248 164 0.166666666667
248 227 1e+32
248 244 0.166666666667
248 247 1e+16
248 248 234
249 165 0.166666666667
249 228 1e+32
249 245 0.166666666667
249 249 234
249 251 0.75
250 166 0.166666666667
250 229 1e+32
250 246 0.166666666667
250 249 1e+32
250 250 234
251 167 0.166666666667
251 230 1e+32
251 250 0.25
251 251 234
252 189 0.25
252 252 160
252 261 1.2
252 263 0.333333333333
252 315 2.2
253 190 0.25
253 252 1e+16
253 253 234
253 262 1.5
253 316 1.5
254 191 0.25
254 252 1e+32
254 254 160
254 264 0.6
254 266 0.333333333333
254 317 2.2
255 192 0.25
255 253 1e+32
255 254 1e+16
255 255 234
255 265 0.75
255 318 1.5
256 193 0.25
256 253 1e+32
256 256 234
256 266 1.5
256 319 1.5
257 194 0.25
257 254 1e+32
257 257 160
257 267 0.333333333333
257 320 2.2
258 195 0.25
258 255 1e+32
258 257 1e+16
258 258 234
258 321 1.5
259 196 0.25
259 256 1e+32
259 259 234
259 267 0.75
259 322 1.5
260 197 0.25
260 259 1e+32
260 260 234
260 323 1.5
261 198 0.25
261 254 0.0833333333333
261 261 160
261 268 0.6
261 270 0.333333333333
261 324 2.2
262 199 0.25
262 255 0.0833333333333
262 261 1e+16
262 262 234
262 269 0.75
262 325 1.5
263 200 0.25
263 256 0.0833333333333
263 263 234
263 270 1.5
263 326 1.5
264 201 0.25
264 257 0.0833333333333
264 261 1e+32
264 264 160
264 271 0.333333333333
264 327 2.2
265 202 0.25
265 258 0.0833333333333
265 262 1e+32
265 264 1e+16
265 265 234
265 328 1.5
266 203 0.25
266 259 0.0833333333333
266 263 1e+32
266 266 234
266 271 0.75
266 329 1.5
267 204 0.25
267 260 0.0833333333333
267 266 1e+32
267 267 234
267 330 1.5
268 205 0.25
268 264 0.166666666667
268 268 160
268 272 0.333333333333
268 331 2.2
269 206 0.25
269 265 0.166666666667
269 268 1e+16
269 269 234
269 332 1.5
270 207 0.25
270 266 0.166666666667
270 270 234
270 272 0.75
270 333 1.5
271 208 0.25
271 267 0.166666666667
271 270 1e+32
271 271 234
271 334 1.5
272 209 0.25
272 271 0.25
272 272 234
272 335 1.5
273 210 0.25
273 252 1e+32
273 273 160
273 282 1.2
273 284 0.333333333333
273 336 1.1
274 211 0.25
274 253 1e+32
274 273 1e+16
274 274 234
274 283 1.5
274 337 0.75
275 212 0.25
275 254 1e+32
275 273 1e+32
275 275 160
275 285 0.6
275 287 0.333333333333
275 338 1.1
276 213 0.25
276 255 1e+32
276 274 1e+32
276 275 1e+16
276 276 234
276 286 0.75
276 339 0.75
277 214 0.25
277 256 1e+32
277 274 1e+32
277 277 234
277 287 1.5
277 340 0.75
278 215 0.25
278 257 1e+32
278 275 1e+32
278 278 160
278 288 0.333333333333
278 341 1.1
279 216 0.25
279 258 1e+32
279 276 1e+32
279 278 1e+16
279 279 234
279 342 0.75
280 217 0.25
280 259 1e+32
280 277 1e+32
280 280 234
280 288 0.75
280 343 0.75
281 218 0.25
281 260 1e+32
281 280 1e+32
281 281 234
281 344 0.75
282 219 0.25
282 261 1e+32
282 275 0.0833333333333
282 282 160
282 289 0.6
282 291 0.333333333333
282 345 1.1
283 220 0.25
283 262 1e+32
283 276 0.0833333333333
283 282 1e+16
283 283 234
283 290 0.75
283 346 0.75
284 221 0.25
284 263 1e+32
284 277 0.0833333333333
284 284 234
284 291 1.5
284 347 0.75
285 222 0.25
285 264 1e+32
285 278 0.0833333333333
285 282 1e+32
285 285 160
285 292 0.333333333333
285 348 1.1
286 223 0.25
286 265 1e+32
286 279 0.0833333333333
286 283 1e+32
286 285 1e+16
286 286 234
286 349 0.75
287 224 0.25
287 266 1e+32
287 280 0.0833333333333
287 284 1e+32
287 287 234
287 292 0.75
287 350 0.75
288 225 0.25
288 267 1e+32
288 281 0.0833333333333
288 287 1e+32
288 288 234
288 351 0.75
289 226 0.25
289 268 1e+32
289 285 0.166666666667
289 289 160
289 293 0.333333333333
289 352 1.1
290 227 0.25
290 269 1e+32
290 286 0.166666666667
290 289 1e+16
290 290 234
290 353 0.75
291 228 0.25
291 270 1e+32
291 287 0.166666666667
291 291 234
291 293 0.75
291 354 0.75
292 229 0.25
292 271 1e+32
292 288 0.166666666667
292 291 1e+32
292 292 234
292 355 0.75
293 230 0.25
293 272 1e+32
293 292 0.25
293 293 234
293 356 0.75
294 231 0.25
294 273 1e+32
294 294 160
294 303 1.2
294 305 0.333333333333
295 232 0.25
295 274 1e+32
295 294 1e+16
295 295 234
295 304 1.5
296 233 0.25
296 275 1e+32
296 294 1e+32
296 296 160
296 306 0.6
296 308 0.333333333333
297 234 0.25
297 276 1e+32
297 295 1e+32
297 296 1e+16
297 297 234
297 307 0.75
298 235 0.25
298 277 1e+32
298 295 1e+32
298 298 234
298 308 1.5
299 236 0.25
299 278 1e+32
299 296 1e+32
299 299 160
299 309 0.333333333333
300 237 0.25
300 279 1e+32
300 297 1e+32
300 299 1e+16
300 300 234
301 238 0.25
301 280 1e+32
301 298 1e+32
301 301 234
301 309 0.75
302 239 0.25
302 281 1e+32
302 301 1e+32
302 302 234
303 240 0.25
303 282 1e+32
303 296 0.0833333333333
303 303 160
303 310 0.6
303 312 0.333333333333
304 241 0.25
304 283 1e+32
304 297 0.0833333333333
304 303 1e+16
304 304 234
304 311 0.75
305 242 0.25
305 284 1e+32
305 298 0.0833333333333
305 305 234
305 312 1.5
306 243 0.25
306 285 1e+32
306 299 0.0833333333333
306 303 1e+32
306 306 160
306 313 0.333333333333
307 244 0.25
307 286 1e+32
307 300 0.0833333333333
307 304 1e+32
307 306 1e+16
307 307 234
308 245 0.25
308 287 1e+32
308 301 0.0833333333333
308 305 1e+32
308 308 234
308 313 0.75
309 246 0.25
309 288 1e+32
309 302 0.0833333333333
309 308 1e+32
309 309 234
310 247 0.25
310 289 1e+32
310 306 0.166666666667
310 310 160
310 314 0.333333333333
311 248 0.25
311 290 1e+32
311 307 0.166666666667
311 310 1e+16
311 311 234
312 249 0.25
312 291 1e+32
312 308 0.166666666667
312 312 234
312 314 0.75
313 250 0.25
313 292 1e+32
313 309 0.166666666667
313 312 1e+32
313 313 234
314 251 0.25
314 293 1e+32
314 313 0.25
314 314 234
315 273 0.333333333333
315 315 160
315 324 1.2
315 326 0.333333333333
315 357 1.1
316 274 0.333333333333
316 315 1e+16
316 316 234
316 325 1.5
316 358 0.75
317 275 0.333333333333
317 315 1e+32
317 317 160
317 327 0.6
317 329 0.333333333333
317 359 1.1
318 276 0.333333333333
318 316 1e+32
318 317 1e+16
318 318 234
318 328 0.75
318 360 0.75
319 277 0.333333333333
319 316 1e+32
319 319 234
319 329 1.5
319 361 0.75
320 278 0.333333333333
320 317 1e+32
320 320 160
320 330 0.333333333333
320 362 1.1
321 279 0.333333333333
321 318 1e+32
321 320 1e+16
321 321 234
321 363 0.75
322 280 0.333333333333
322 319 1e+32
322 322 234
322 330 0.75
322 364 0.75
323 281 0.333333333333
323 322 1e+32
323 323 234
323 365 0.75
324 282 0.333333333333
324 317 0.0833333333333
324 324 160
324 331 0.6
324 333 0.333333333333
324 366 1.1
325 283 0.333333333333
325 318 0.0833333333333
325 324 1e+16
325 325 234
325 332 0.75
325 367 0.75
326 284 0.333333333333
326 319 0.0833333333333
326 326 234
326 333 1.5
326 368 0.75
327 285 0.333333333333
327 320 0.0833333333333
327 324 1e+32
327 327 160
327 334 0.333333333333
327 369 1.1
328 286 0.333333333333
328 321 0.0833333333333
328 325 1e+32
328 327 1e+16
328 328 234
328 370 0.75
329 287 0.333333333333
329 322 0.0833333333333
329 326 1e+32
329 329 234
329 334 0.75
329 371 0.75
330 288 0.333333333333
330 323 0.0833333333333
330 329 1e+32
330 330 234
330 372 0.75
331 289 0.333333333333
331 327 0.166666666667
331 331 160
331 335 0.333333333333
331 373 1.1
332 290 0.333333333333
332 328 0.166666666667
332 331 1e+16
332 332 234
332 374 0.75
333 291 0.333333333333
333 329 0.166666666667
333 333 234
333 335 0.75
333 375 0.75
334 292 0.333333333333
334 330 0.166666666667
334 333 1e+32
334 334 234
334 376 0.75
335 293 0.333333333333
335 334 0.25
335 335 234
335 377 0.75
336 294 0.333333333333
336 315 1e+32
336 336 160
336 345 1.2
336 347 0.333333333333
337 295 0.333333333333
337 316 1e+32
337 336 1e+16
337 337 234
337 346 1.5
338 296 0.333333333333
338 317 1e+32
338 336 1e+32
338 338 160
338 348 0.6
338 350 0.333333333333
339 297 0.333333333333
339 318 1e+32
339 337 1e+32
339 338 1e+16
339 339 234
339 349 0.75
340 298 0.333333333333
340 319 1e+32
340 337 1e+32
340 340 234
340 350 1.5
341 299 0.333333333333
341 320 1e+32
341 338 1e+32
341 341 160
341 351 0.333333333333
342 300 0.333333333333
342 321 1e+32
342 339 1e+32
342 341 1e+16
342 342 234
343 301 0.333333333333
343 322 1e+32
343 340 1e+32
343 343 234
343 351 0.75
344 302 0.333333333333
344 323 1e+32
344 343 1e+32
344 344 234
345 303 0.333333333333
345 324 1e+32
345 338 0.0833333333333
345 345 160
345 352 0.6
345 354 0.333333333333
346 304 0.333333333333
346 325 1e+32
346 339 0.0833333333333
346 345 1e+16
346 346 234
346 353 0.75
347 305 0.333333333333
347 326 1e+32
347 340 0.0833333333333
347 347 234
347 354 1.5
348 306 0.333333333333
348 327 1e+32
348 341 0.0833333333333
348 345 1e+32
348 348 160
348 355 0.333333333333
349 307 0.333333333333
349 328 1e+32
349 342 0.0833333333333
349 346 1e+32
349 348 1e+16
349 349 234
350 308 0.333333333333
350 329 1e+32
350 343 0.0833333333333
350 347 1e+32
350 350 234
350 355 0.75
351 309 0.333333333333
351 330 1e+32
351 344 0.0833333333333
351 350 1e+32
351 351 234
352 310 0.333333333333
352 331 1e+32
352 348 0.166666666667
352 352 160
352 356 0.333333333333
353 311 0.333333333333
353 332 1e+32
353 349 0.166666666667
353 352 1e+16
353 353 234
354 312 0.333333333333
354 333 1e+32
354 350 0.166666666667
354 354 234
354 356 0.75
355 313 0.333333333333
355 334 1e+32
355 351 0.166666666667
355 354 1e+32
355 355 234
356 314 0.333333333333
356 335 1e+32
356 355 0.25
356 356 234
357 336 0.416666666667
357 357 160
357 366 1.2
357 368 0.333333333333
358 337 0.416666666667
358 357 1e+16
358 358 234
358 367 1.5
359 338 0.416666666667
359 357 1e+32
359 359 160
359 369 0.6
359 371 0.333333333333
360 339 0.416666666667
360 358 1e+32
360 359 1e+16
360 360 234
360 370 0.75
361 340 0.416666666667
361 358 1e+32
361 361 234
361 371 1.5
362 341 0.416666666667
362 359 1e+32
362 362 160
362 372 0.333333333333
363 342 0.416666666667
363 360 1e+32
363 362 1e+16
363 363 234
364 343 0.416666666667
364 361 1e+32
364 364 234
364 372 0.75
365 344 0.416666666667
365 364 1e+32
365 365 234
366 345 0.416666666667
366 359 0.0833333333333
366 366 160
366 373 0.6
366 375 0.333333333333
367 346 0.416666666667
367 360 0.0833333333333
367 366 1e+16
367 367 234
367 374 0.75
368 347 0.416666666667
368 361 0.0833333333333
368 368 234
368 375 1.5
369 348 0.416666666667
369 362 0.0833333333333
369 366 1e+32
369 369 160
369 376 0.333333333333
370 349 0.416666666667
370 363 0.0833333333333
370 367 1e+32
370 369 1e+16
370 370 234
371 350 0.416666666667
371 364 0.0833333333333
371 368 1e+32
371 371 234
371 376 0.75
372 351 0.416666666667
372 365 0.0833333333333
372 371 1e+32
372 372 234
373 352 0.416666666667
373 369 0.166666666667
373 373 160
373 377 0.333333333333
374 353 0.416666666667
374 370 0.166666666667
374 373 1e+16
374 374 234
375 354 0.416666666667
375 371 0.166666666667
375 375 234
375 377 0.75
376 355 0.416666666667
376 372 0.166666666667
376 375 1e+32
376 376 234
377 356 0.416666666667
377 376 0.25
377 377 234
